-5916426393714880643
3936961099612215753
-5455506780510249815
7727824773959050952
-7887963339795021083
-5707686858286669617
8514961497630022630
-2584407968409654220
-1029777832494781554
5046922362019523150
-6613409682894717668
-6070102265548211584
-5891213538219857198
7250600565429629344
9087288009049074827
-779256428980127725
-2288773720249748722
-4499342190057090419
5652497692554977746
8787339426137227303
6035322311639513033
7974177818442840753
4060126464775106972
-7608810583697593554
-2925078942299214861
-1946184395349968054
9131544857042369230
-2799077735645402737
1731115475418203172
-6351765957721308193
4541106719915151942
5126500705735626066
5506572326668484381
-7065054443662339187
-2468685087103676511
-1921682849413160821
-3386758946956794675
-3087263920370484991
-2825840626304756527
-4459313406007068307
-7186075267872120114
8743410124753883011
212276590097655168
-8472604561803582547
4950587766505097333
-7663871318797924426
7996312444967093192
-220721527788946964
1830226223573022668
-7073440923696506389
1403451578962944476
6825307926190864820
-2512830276370351646
-437891190735344528
4441694717867678808
7551167516278044622
3147628206916608198
-6699372715587169086
3605689879720246906
-2635870634212081124
-5284079607063199866
7622270451048289194
2268712896512687049
-3990970173859566797
7213601170090587541
2567887091789289404
494253313242732744
441580632536129678
-4641796919708429804
3351473494045244459
-8418788301494151105
-6007794797652342696
-4543472236821320367
469389402200776627
-3848044285547877730
2445726699090410600
-7950646837208600885
4935688346014227408
-5448791457733209789
1702171362459063595
6247773381399985368
6695413627188060292
-6591153420444550506
-120786265204249842
-2472637405058185117
3881776447437480080
8466075263946683247
-6208640642383441607
6431355082077160411
4930952033919808580
4032968021370683499
-3059059997469374936
3168265515101071757
1839038246003072860
4088049582117219192
-8065965775091771257
-1139936275596640815
-4810921392075685467
-5154296167996264709
534391914171560364
-5494664221370268535
-4729876290343080763
-5291178588275946701
-5947973999111288407
-6697279161653752237
132791480453386077
-4142998184829383461
-4470935819567259125
-6628400927570108498
-2921744415132478853
626501910066897044
4709809176593458551
-8590309831806613660
1628526488027618934
-2040732606072955741
2073333580515305972
-7982264745460732734
3477858631234321371
2483954121479978649
-9004562260024143397
3957976827355247766
-1813077912366981915
4701662616683480670
8049215729989574323
2693307511207808157
2714047483889211134
-2764473390921297739
-5418044242256110968
-3966899314868646453
-3390434931891691564
4232633544997378048
-2326268306019290970
-7202429971992215116
-3417223302839543057
-999175191603891027
892292921150371669
4179408420225753678
-3496119974602213040
-7235408624951095851
-8411623925265235203
8878339158816929801
-3288645119762891104
7614356321167335205
-977319354370050013
-2810173823654358821
-2295001416441269952
-1792689706827907002
7476394416909106097
-3168803731737250530
1842440979337291534
6798653515230508128
8401277586128761859
1545700115704213760
489291780787474992
-3354274098335523246
-7245777860111317229
8811770879133802034
4564313677140214010
-1765729016780341467
-6020591096744447911
-3075003953294419117
-2541837722997233885
-5374574742596920492
4829162720512776530
-6356447484238135143
7403427662933371779
-31144321656262383
-5632957185884545439
3615340323190778823
-6523434551934535810
6619536455840477249
-2638941364759369631
3600323154268443518
-2920976802349685036
-6265525343969282819
3145112702198047366
7426561248760874083
-4721981949137268474
9022146645804575090
-7283318977607536232
5670775728796248443
1263693315722277999
8222264775402955956
-6768920402916118583
-6139391718125530056
-587537356874244161
2696416217273175168
296430492316401111
-7076144868269502196
-6348173210402638110
-3754484743103287083
-6325695528459324344
-3744840189127286954
-4251656174146437786
2517039532582568133
-3693885300294420254
7305704045284609591
7140451035161770042
-2179680435778961565
-2981150270249864785
-3544342593317420430
502213560389464133
5893715883982226274
6196508926488333899
-7310131201766133623
-5293683994836695808
-7538760102256466689
-3028242774198186936
2624927548780034938
-5756964793984705337
5996292580331585365
8515668868098980613
3564978905476527921
-409641484404652543
-578441697347123814
6279866026167996422
-3455162886076113461
1492729594934268308
26644688923787292
-3565728668439552899
-6270467354487598498
4308598348147807376
-3645061041427746069
940775474594015285
7408927545920147729
-5220504031475230483
-7992373549616229586
6331351495852116472
3622202301161276703
8420226154860400152
-2408931177965022709
-5312525066293050484
-5834951099217626196
-1514874824704288298
2889442911641722087
-5169725200124404191
-4366482644707519507
-6215464797295030275
-4489808867733636590
5722549426635999053
-7384064793577500343
-1628650052341321280
-1597972723181696834
1647632920480511136
291168021303628085
2015572914019704005
4763763482512864407
1955758784951260014
157159000246095433
8191932943481479402
-6184182549677439502
3536857323592692661
-1217048547084322335
2390152763527861997
31007390128056266
8440145381497133161
8094300708723080856
1400753176907483146
3027428757011274608
2690385454301816729
-3159049193586336182
5215122177786927219
-7730677862599435936
5637133607227725596
8591843536940560653
-3641638026214100364
-2846811057320837147
3203995041724521357
-2367451970837779662
-4292438163952596478
-4329455596453071352
-8990709818242467173
8947294659277507758
124895904347689980
4869866554455790156
8313323902801748347
-8932596333476425802
-2483034433425871468
-9116051845991105348
2603755151902184144
776741692775675792
3345963118617008257
2870907983490758369
3825260802371815854
8623141804149951579
-7214706104151153683
494231973762588621
-5641668646938506526
7138307144806931694
-1033982832597132639
9192743962678606014
6629284846134487927
8278786496962966647
9013172220287879759
1715375206426002968
5469211246745157729
-3309910067193913718
3500713633944205744
-924320643329819605
2272051614920016849
7519002933526099238
-3667718561361288332
-9177392540008683129
-580900206586195573
4454109253224680489
2826846129835967330
6011211707723201499
5025749176616984840
7715781837255869175
-6378091361510784751
4604790402596222721
3538814935403355228
6755963498959797715
4463026298337926708
7653739281684586038
-8717204308455466359
8060351516658618518
-4410594086349189346
-2680270156819412309
6269919505646981007
735089539754849234
-3406902774396909799
-2939054952049524236
5074135001301979301
-5606091190403021157
6483728921670323515
3673342074828472281
6756259100079106835
-8374456444275605707
7317098321209430731
9166662333342016418
-6915891875609010479
3488865713530484498
-2370324566878788269
-8352784142323919544
9973864084621881
-4844191514878149361
-7858892687633958677
8024255913954844197
6292598850408829189
7785468591461805884
-8505790768095808567
-8489617242690206885
-6106326458261389349
5334794023461614275
-6411184761386934150
2598221656516228190
-3079004342700834329
-3533815144071014293
3216888071747464338
-6855220086867601619
-5701903612627347898
6921088269008242513
-285676516296560626
7006484491645083180
2770022248524544239
-3648405147643041971
-1813978143865272307
-7476328694151082957
-2861786705736821034
9127693714072196620
-1631594029445805758
-2098075896104887339
6911484952388992016
-2383845753697964197
-2558719091959134065
-977964646576858784
6791980051041265749
-2843044229130750182
-9177386887305770475
1837743021647031267
-5503905495620318007
6081486690212128202
139757434263011326
4611369151949389389
6456820253513651919
4089167323630990794
-1992364919409972184
-1204948239458674231
-4603270716864585415
8362505230629676241
-4133631478850059880
7679984833600424046
8775534510415084379
-5006428943458198422
1883857190790189152
486828730401475946
-783108715451647319
-7853181292710550248
8295094601581474732
-6376620285693436302
6995545847868100462
-1476254832179387392
2928092898619999845
4741493437227149384
8917941328435358586
-764909621408395335
3364460193804911567
1441332623377799869
8331977175797752611
5021557856155634404
4627210069340435565
-2501126683335137784
-1335478963392149516
-7920913698116684766
-4286009781159362052
-446823298893631219
1681282735978805426
2848361760719926961
-3180101300682683264
-6365881830692913277
6636871409450591172
3631026396463006423
6716478754632337497
2450299955016656303
1486001883992529618
-2113855719458173153
111308694752787922
3781007129533069868
-5434496350386273970
6379756083536373981
-9110242411553622471
-5286624215225201699
2019704325826031072
6468854064022119879
1457052424713397814
-7482356880901703654
-6081946673162389476
-3242577916329291735
2513164161883108604
1506323225408856465
6441721598385215224
6752943231697397058
8686394024705242944
2974621652507029009
-8604114006161876119
-4055019130479014233
-1454150654688445389
7675969697640829962
-1610847432130608043
-3782447315719676873
6941878236198749779
3820590396821885176
8869912267182223523
3681575402198935738
6469760491348382208
6767063790227714025
2655757174987028595
8619834890707463954
-5503563636879780613
8870012292936980949
-1215018274560898583
2023354317146587067
-3060900577955606070
5066003284586151557
6478933152862079683
-6607500899483686120
-5027178268121738000
8555917273548368450
-1012206381522792868
-4131684582752521576
-3470657999614893254
-8118142281957883849
-7942247844960174044
-2675455474205105950
-1445197263294699410
3128405082064411588
-6777730728494906058
614524392623301448
2865394975217102058
7729527230626010996
4733541636821341074
-2809985119247757663
-1817161559196571501
-5957586656811747909
-6945109420730776850
173733411441561207
4079936258610326024
-215561047658419045
5808098051185719352
-6601714956121954705
5522534474348746229
-6168149103133927730
7099514820945194203
-3583871830359089368
878011507061800906
4160483402062613840
-1402120904523577100
-5291321159782955707
3277288426435238820
-7300226370320197740
-617147728315385289
7327842750872784791
4642431383172896445
606859207540040824
-6643375038830361808
-2651321355895503644
-1880134611592561772
-9147822855053733839
2472874521368084293
3143856792540637343
8378900514557801456
5782149572439442856
8641484808141473305
478779883019827277
7258863128356985618
4215310609186105497
-3182833866755476586
6585402881097128820
7357887315762349526
-9100328316534464581
-3175378170128602458
8104928981496167972
-2115466732946662609
299430863434745089
-1588514580673425000
-2289329192711324850
4756911172472701899
4355061798714012626
-7579489465460942688
7083109487268088835
3315879177457472688
5781793049837766760
-6293331556341449953
4042967393898276623
4060743142854342167
3651389122722771298
-3570680330005333046
3668152217695981440
6076875469409239551
-829111211649355829
-7610107595418216528
-3632898817319713301
-717141168695848895
7309486007530994408
-7144631512608946747
-6396314879508777256
-5791049277284863351
6338736523794837918
610206985878410949
2565371970174146859
-7671281985417878536
-3094318492275483519
4216263039375920434
-212516893903353534
-8634672544266496953
-7557607068697125204
-8988957804378865137
3979245079400194260
6638881111493678359
5823271874071985896
428143015110131416
8759421191002360709
-6333121462940320735
-8070084271560130919
1095448039007927977
5654730834379755858
3645302279620165868
8448228037130361454
-1782868462633547820
-2155127538244867706
-4378257795354649074
8265297809127889075
-2751645454558393693
-2110452401907755951
-1357761614741496980
2317384343724991425
7352226087201600632
-383398145580461439
-4466557313476256344
-1298732319210948521
-6491456042702057689
-584377882438520381
6213091741447936831
4065260089640278287
359765097378524252
-3537047771049924996
-2889896315582166610
-9090954630922215904
-5585857557880274338
7716376274277784812
7848175366483288485
-9192570656997825210
-6194172373682736349
-2162056651417483591
-5731315281561555828
1862689438808615089
-8176489523414261566
7886017613445753395
5135249769855745879
-1862141341167675006
1157558954100829964
227358862080041568
3624932284144249472
-4665225379059433210
7173482794896775207
1995321144910066171
-100018237407365944
171018520475114239
8065662624169852871
6975158061573341783
-7690545438946102929
-4599015774712802705
-4697577025358471539
7407066078655502432
9008606368270813942
6237379938792094135
472145010215624228
3593321299283071801
6527209787391614813
5124760104103141535
4269742912043352967
7875415479776385262
-6718211547218271741
8243869220973578152
3029396494693837636
6746895519976067778
-5644101727987551654
2515503411534755954
3898734266208588508
4794065173868986383
2828747743050275936
-5364607415347473037
-1790904906079033038
3286786123882172226
-6504065338258863353
8304774691721983539
7629657964941033886
2526162879105388634
1771994846099688794
8956871755964354285
-6904140639183999028
-1130741545348442818
986525632795591864
-8030832744584266040
8214143652401086916
1218504343754619417
-7064162619800537715
-3875993325987353278
3291281188231487774
4908399723812381289
5027228014279909586
207980464540498863
5264726319593444704
-6778975570553908197
4786642304475703155
-2910754026299862895
4510070592934236322
6173937092992767265
6819533709930943979
7469252071136570283
-5102391726964676209
2421531854803972128
-4838670706865902722
5093988195086147691
-4799021578284920386
-1769031454042561564
-6750933409455900045
-7084390401196114892
-1385471031236472722
4513213357432802415
-5704275112484846009
-7548867044286115777
687599947243840713
-5471458657503447256
-2732924752933491899
-8402090194719624056
6948724982169498609
-7157490041720149773
6509055258926675215
-3789182921258791501
2650098909176421355
5670439170730904298
-2539790916255905840
-7101512206830733423
-7700891115756091083
-4038828882741258726
3823899280495256986
-1498316015526791943
5436067253732270430
-6822463624014452101
-8090876192661884698
1351491935497502523
-1745597130238778794
3758692463558405990
-3504568250869060929
440243002577719867
3251976059802320015
5013195415997535531
7403086971591208098
2133746378645367237
-4857367253224976828
2920683196143404569
-1598238769733117919
-6243306376903110702
-2963049928355755155
9180307561145577117
6503805708094298384
-2526844542954352527
5007425146894093046
-2285467788425810404
-2084307232498873885
5318487338769921147
3752047901092524596
-8993686191371291053
1867597085959791234
1670703757397469152
2796770490558266457
-1804796347562332893
6633371519495030222
-4519153075262406721
-8619984585347027794
-413810077462341638
-4111973722571736508
-5867968227778004791
5018046152795528554
-3773817278495656363
-4433486793323479003
7735790796648445431
2162431074296470106
6143048805642471090
-1827641142303120408
-5124229548461886585
6201128035852752206
-6455610825459017555
-2220286951975562722
-8766797093224487507
8021627394082984141
4978360659716555216
-7606235729636970965
938877906087043471
1341768105571307030
-2336379977064590764
989270181651073019
2374388684807713320
7813731014137708707
6574914850821472563
-6483794241152936435
1959352002786391824
-2010741809166792075
2415334908717623420
8637274753584834904
4506279600711168568
8246160598072605964
6510984253172850310
-6017834261298022884
1800099649762502705
-7740426888933105129
5371579034141441832
2241187569085848769
8859809025793135666
-8819641033431056940
969715736987581942
-3014858564041174325
5313179453482864408
-901428494809363189
6633843641769238714
-9041198768765827164
4549382108401717160
8684741718093642068
-8304941358860099186
2323205264085454578
801038903875616739
-4218231484246373164
4366473210686605171
6722842913277888404
888026381086067751
-8755053584925144100